149
59
150
151
60
152
148
38
83
120
44
121
84
39
153
58
82
129
20
136
75
21
130
85
61
147
119
31
32
96
14
97
33
22
122
154
146
49
74
95
8
108
109
9
98
137
45
155
57
118
135
19
107
62
2
63
110
15
76
123
50
145
81
30
94
106
7
68
70
3
111
99
23
86
156
43
128
37
13
67
73
1
72
64
10
34
131
40
144
80
29
93
105
6
71
69
4
112
100
24
87
157
56
117
79
18
104
66
5
65
113
16
138
124
51
143
48
134
92
12
115
114
11
101
77
46
158
142
116
28
36
103
17
102
35
25
125
159
55
91
133
27
78
139
26
132
88
52
141
42
90
127
47
126
89
41
160
140
54
163
162
53
161