146
47
147
162
159
163
145
26
82
118
32
160
161
27
148
46
81
126
14
133
74
15
127
83
48
144
117
25
55
94
8
95
56
16
119
149
143
37
73
93
49
106
107
50
96
134
33
150
45
116
132
13
105
61
2
62
108
9
75
120
38
142
80
24
92
104
7
67
69
3
109
97
17
84
151
31
125
60
54
66
72
1
71
63
51
57
128
28
141
79
23
91
103
6
70
68
4
110
98
18
85
152
44
115
78
12
102
65
5
64
111
40
135
121
39
140
36
131
90
53
113
112
52
99
76
34
153
139
114
22
59
101
11
100
58
19
122
154
43
89
130
21
77
136
20
129
86
40
138
30
88
124
35
123
87
29
158
137
42
157
156
41
155
