146
59
147
162
159
163
145
38
82
118
44
160
161
39
148
58
81
126
20
133
74
21
127
83
60
144
117
31
32
94
14
95
33
22
119
149
143
49
73
93
8
106
107
9
96
134
45
150
57
116
132
19
105
61
2
62
108
15
75
120
50
142
80
30
92
104
7
67
69
3
109
97
23
84
151
43
125
37
13
66
72
1
71
63
10
34
128
40
141
79
29
91
103
6
70
68
4
110
98
24
85
152
56
115
78
18
102
65
5
64
111
16
135
121
51
140
48
131
90
12
113
112
11
99
76
46
153
139
114
28
36
101
17
100
35
25
122
154
55
89
130
27
77
136
26
129
86
52
138
42
88
124
47
123
87
41
158
137
54
157
156
53
155
