147
37
148
162
38
163
146
31
83
119
25
160
161
32
149
48
82
127
13
134
75
14
128
84
39
145
118
24
56
95
7
96
57
15
120
150
144
30
74
94
50
107
108
51
97
135
26
151
47
117
133
12
106
62
1
63
109
8
76
121
40
143
81
23
93
105
6
68
70
2
110
98
16
85
152
36
126
61
55
67
73
49
72
64
52
58
129
33
142
80
22
92
104
5
71
69
3
111
99
17
86
153
46
116
79
11
103
66
4
65
112
9
136
122
41
141
29
132
91
54
114
113
53
100
77
27
154
140
115
21
60
102
10
101
59
18
123
155
45
90
131
20
78
137
19
130
87
42
139
35
89
125
28
124
88
34
159
138
44
158
157
43
156